/*
select * from kszs K LEFT JOIN zyzs Z on(K.zsid=Z.zsid) where Z.xymc in ('物流管理学院','汽车工程学院','化工与纺织服装学院') ORDER BY Z.xymc desc 
*/

/*
select * from stu where xm in('师成强','冯悦','高渊','葛盼弟','胡伟伟','黄超超','李瑞','李天义','李晓东','刘建','刘鸣壮','罗磊','牛艺皓','牛颖','任超','尚霄','王凤','肖鹏飞','许香[','薛博博','杨旭鹏','张晨鑫','张可',' 张夏','赵小宝','周颖','曹新银','曹耀华','程许斌','代后新','丁世发','杜盟','范亚峰','高嘉欣','耿荣','弓二恒','侯锐','纪永强','贾新升','李柏杨','李佳良','李亮辉','刘保锋','刘勇','刘钊','吕洪高','马明','牛旭东','潘玉祥','王博','王涵','王齐');
*/

/*
select * from kszs K LEFT JOIN zyzs Z on(K.zsid=Z.zsid) where K.xsid in (49971,50081,50082,50083,50084,50363,50413,50685,50860,50964,50965,50966,50967,50968,50972,50974,50975,51010,51016,51060,51276,51284,51394,54851,54852,55458,55459,55460,55461,55462,55463,55464,55465,55466,55467,55468,55469,55470,55471,55472,55473,55474,55475,55476,55477,55478,55479,55480,55481,55482,55483,55484,55485,55486,55487,55488,55489,55490,55491,55492,55493,55494,55495,55496,55497,55498,55499,55501,55502,55505,55506,55507,55508,55509,55510,55511,55512,55513,55514,55515,55516,55517,55518,55521,55522,55523,55524,55532,55533,55534,55535,55536,55537,55538,55539,55540,55541,55542,55543,55544,55545,55546,55547,55548,55549,55550,55551,55552,55553,55554,55555,55556,55557,55558,55559,55560,55562,55563,55564,55565,55566,55567,55568,55569,55570,55571,55572,55573,55574,55575,55576,55592,55593,55594,55595,55596,55597,55598,55599,55600,55601,55602,55603,55604,55605,55606,55607,55608,55609,55610,55611,55612,55613,55616,55617,55618,55619,55620,55621,55622,55623,55624,55625,55626,55627,55628,55629,55630,55632,55633,55634,55635,55636,55639,55640,55664,55665,55773,55774,55500,55503,55504,55519,55520,55631,55637,55638,55641,55642,55643,55644,55645,55646,55647,55648,55649,55650,55651,55652,55653,55654,55655,55656,55657,55658,55659,55660,55661,55662,55663,55181,55182,55183,55184,55185,55186,55187,55188,55189,55190,55191,55192,55215,55216,55218,55219,55220,55221,55222,55223,55224,55225,55226,55227,55228,55229,55230,55231,55232,55233,55234,55235,55236,55237,55238,55239,55240,55241,55242,55243,55244,55247,55248,55249,55250,55251,55252,55253,55254,55255,55256,55257,55258,55259,55260,55261,55262,55263,55264,55265,55266,55267,55268,55269,55270,55271,55272,55275,55276,55277,55278,55279,55280,55281,55282,55285,55286,55287,55288,55289,55292,55293,55294,55295,55296,55314,55315,55316,55317,55318,55319,55320,55321,55322,55323,55324,55325,55326,55327,55336,55337,55338,55339,55340,55341,55342,55343,55344,55345,55346,55347,55348,55360,55361,55362,55363,55364,55365,55366,55367,55368,55369,55370,55371,55372,55373,55374,55375,55376,55377,55378,55379,55380,55381,55382,55383,55384,55385,55386,55387,55388,55389,55390,55391,55392,55393,55394,55395,55396,55397,55398,55400,55668,55728,55749,55754,55755,55756,55757,55758,55759,55760,55761,55762,55763,55764,55765,55766,55767,55771,55193,55194,55217,55245,55246,55273,55274,55290,55291,55300,55301,55302,55303,55304,55305,55306,55307,55308,55309,55310,55311,55312,55313,55328,55329,55330,55331,55332,55333,55334,55335,55399,54838,55525,55526,55527,55528,55529,55530,55531,55729,55734,55735,55736,55737,55738,55739,55740,55741,55742,55743,55747,55748,55750,55751,55752,55753,55772,55666,55667,55669,55670,55671,55672,55673,55674,55675,55676,55677,55678,55679,55680,55691,55692,55693,55694,55695,55697,55699,55719,55720,55721,55722,55723,55724,55725,55726,55727,55744,55681,55682,55683,55684,55685,55686,55687,55688,55689,55690,55698,55700,55701,55702,55703,55704,55705,55706,55707,55708,55709,55710,55711,55712,55713,55714,55715,55716,55717,55718,55730,55731,55732,55733,55745,55746);
*/

/*
select * from stu S LEFT JOIN zyxx Z on (S.zyid=Z.zyid) LEFT JOIN collage C on(Z.xyid=C.xyid) where C.xymc in ('物流管理学院','汽车工程学院','化工与纺织服装学院');
*/


/*
SELECT * from stu where xm='卜甜';
*/
select * from kszs K LEFT JOIN zyzs Z on(K.zsid=Z.zsid) where K.xsid in (37933);



